48.000	100.000	20.000	50.000	0.200	是
48.000	100.000	20.000	100.000	0.050	是
48.000	100.000	20.000	120.000	0.200	是
48.000	100.000	20.000	150.000	0.050	是
48.000	100.000	20.000	200.000	0.050	是
48.000	100.000	20.000	250.000	0.050	是
48.000	100.000	20.000	300.000	0.050	是
48.000	60.000	20.000	100.000	0.050	是
48.000	70.000	20.000	100.000	0.050	是
48.000	80.000	20.000	100.000	0.050	是
48.000	90.000	20.000	100.000	0.050	是
48.000	110.000	20.000	100.000	0.050	是
					
					
					
					
					
					
					
					
					
					
					
					
					
