1.000	100.000	20.000	100.000	0.500	0.000	0.000	50	是
2.000	100.000	20.000	100.000	0.500	0.000	0.000	50	是
33.000	100.000	20.000	100.000	0.500	0.000	0.000	50	是
48.000	100.000	20.000	100.000	0.500	0.000	0.000	50	是
48.000	100.000	20.000	100.000	0.500	0.000	0.000	50	是
48.000	100.000	20.000	100.000	0.500	0.000	0.000	50	是
48.000	100.000	20.000	100.000	0.500	0.000	0.000	50	是
48.000	100.000	20.000	100.000	0.500	0.000	0.000	50	是
48.000	100.000	20.000	100.000	0.500	0.000	0.000	50	是
48.000	100.000	20.000	100.000	0.500	0.000	0.000	50	是
48.000	100.000	20.000	100.000	0.500	0.000	0.000	50	是
					
					
					
					
					
					
					
					
					
					
					
					
					
